1228844466 
1228844466 
1228844466 
1228844466 
1228844466 
1228844466 
1228844466 
1228844466 
1228844466 
1228844466 
1228844466 
1228844466 
1228844466 
1228844466 
1228844466 
1228844466 
1228844466 
1228844466 
1228844466 
1228844466 
1228844466 
1228844466 
1228844466 
1228844466 
1228844466 
1228844466 
1228844466 
1228844466 
1228844466 
1228844466 
1228844466 
1228844466 
1228844466 
1228844466 
1228844466 
1228844466 
1228844466 
1228844466 
1228844466 
1228844466 
1228844466 
1228844466 
1228844466 
1228844466 
1228844466 
1228844466 
1228844466 
1228844466 
1228844466 
1228844466 
1228844466 
1228844466 
1228844466 
1228844466 
1228844466 
1228844466 
1228844466 
1228844466 
1228844466 
1228844466 
1228844466 
6681985629 
1228844466 
1228844466 
1228844466 
1228844466 
168943834 
168943834 
1096304864 
1271354665 
6618890258 
1445192621 
2035156882 
831603539 
1193277929 
1263079792 
1193277929 
1193277929 
1193277929 
851549376 
1317841600 
969956019 
1317841600 
888984627 
1366209811 
1366209811 
381529064 
1179817468 
870670007 
895815024 
661714072 
504578070 
1141144679 
248879665 
248879665 
2063700792 
2063700792 
1156951574 
767708830 
881457082 
467103862 
467103862 
6688704576 
5745494742 
6476884154 
266164754 
266164754 
1412814691 
780638792 
491840019 
491840019 
863791101 
988541586 
6156153210 
1823168165 
6281299888 
993137620 
993137620 
1786245967 
5248687387 
366102492 
1244574616 
1425528639 
450706130 
819136355 
878245049 
1007825473 
5158786143 
5911207401 
1228844466 
1298806326 
5193740601 
5193740601 
5950849243 
5950849243 
5950849243 
2032937936 
410012282 
5064035438 
964111893 
401523861 
6726297658 
735509443 
735509443 
944828060 
944828060 
944828060 
944828060 
944828060 
1033647959 
6156348509 
1085310823 
1085310823 
5228180374 
6544818565 
451197684 
1359115547 
5082807285 
1801511838 
1801511838 
2038545047 
1063476854 
446415384 
446415384 
1063476854 
446415384 
1063476854 
2038545047 
2038545047 
1131331452 
2114174518 
609886611 
877679219 
966382466 
966382466 
986773626 
986773626 
986773626 
1228844466 
386155886 
1228844466 
6562664881 
2081106002 
2081106002 
2081106002 
1351694057 
1351694057 
1351694057 
1351694057 
824586060 
824586060 
824586060 
824586060 
824586060 
824586060 
1049557258 
704768767 
2074741640 
2074741640 
714478818 
1137342595 
1647450857 
1137342595 
1137342595 
1137342595 
1647450857 
714478818 
714478818 
714478818 
714478818 
1250629445 
581499736 
1059710977 
2074741640 
2074741640 
970422728 
1793310854 
1793310854 
5685213088 
773271877 
866952384 
1033896605 
148145292 
148145292 
148145292 
865773395 
866952384 
2074741640 
2074741640 
2074741640 
729978485 
808660398 
5760849980 
5760849980 
5148958988 
940885916 
729978485 
6961929188 
1017829572 
6961929188 
998841855 
998841855 
998841855 
5685213088 
572655576 
228017439 
774945273 
687966743 
687966743 
232702960 
790910498 
790910498 
256271845 
1127545957 
399223985 
6536762277 
479803187 
959341870 
966664053 
966664053 
966664053 
2011592039 
2011592039 
304379192 
865952100 
865952100 
5538920943 
496570535 
2074741640 
2074741640 
77539034 
387954442 
487175616 
5176305220 
488004838 
435175538 
435175538 
1065532493 
1882492236 
1199125319 
746576081 
830029346 
830029346 
830029346 
1228844466 
6384834467 
1249750629 
1249750629 
1249750629 
6530294605 
5586154436 
891218856 
754784832 
1487442975 
1487442975 
57870495 
710305456 
57870495 
57870495 
57870495 
830029346 
57870495 
830029346 
57870495 
399672394 
399672394 
399672394 
6373835528 
1763620791 
1763620791 
1763620791 
330158143 
699550752 
824084814 
428168423 
428168423 
1832117949 
1832117949 
6328394514 
701737419 
6085059505 
5354941728 
641955264 
6639558511 
1033292437 
1098420229 
1931459492 
658029815 
5632960022 
5632960022 
5632960022 
5538151788 
499361816 
1327898976 
1327898976 
452358131 
1327898976 
441918466 
5008237151 
964381392 
729978485 
336579751 
336579751 
847338091 
855643577 
6837199018 
2055118376 
336579751 
1228844466 
1045595359 
702553786 
1124413838 
6068957844 
6068957844 
1231592448 
1231592448 
698632558 
861884830 
1231592448 
1186624685 
1423216203 
5906130507 
742564016 
5906130507 
1076629922 
791710605 
791710605 
384660508 
1016925434 
729978485 
729978485 
77742080 
77742080 
840439263 
5982238040 
1701734860 
944647615 
944647615 
5809579844 
457774106 
992169397 
347933306 
373756002 
1088453990 
770554933 
770554933 
5172014250 
5081222235 
1584101089 
1584101089 
1584101089 
1584101089 
1584101089 
1290729166 
1181029341 
1181029341 
1181029341 
1181029341 
1181029341 
1181029341 
1181029341 
1181029341 
1181029341 
1181029341 
1228844466 
835089526 
439366469 
5690527003 
6046453811 
5479802489 
511089661 
5637651646 
872083533 
341986137 
861277817 
467800104 
327200696 
341986137 
456464481 
456464481 
5690527003 
5690527003 
5690527003 
1297148210 
1139789064 
1297148210 
1139789064 
1814346181 
1814346181 
5490545152 
314469109 
948125086 
2047751942 
1300580544 
5417917758 
241860188 
6297011800 
6297011800 
6297011800 
6297011800 
902412060 
5637651646 
6378617215 
1573575690 
1573575690 
1573575690 
6501343173 
96654037 
96654037 
6034860461 
6034860461 
863190889 
5904876847 
863190889 
863190889 
595541774 
1117396175 
5676136563 
2031526283 
1471351297 
6409553506 
6409553506 
6409553506 
831952070 
942477760 
241925737 
241925737 
564284413 
564284413 
1382690196 
1785617971 
1785617971 
957367807 
957367807 
5074040208 
5633987132 
334860315 
763958654 
5990953205 
5721014303 
6599636946 
1365282078 
5637651646 
5637651646 
5637651646 
5637651646 
813031073 
931367545 
663727874 
5491323011 
911659872 
911659872 
1040899254 
1040899254 
6569958750 
6569958750 
6569958750 
6569958750 
6569958750 
879131044 
6569958750 
879131044 
6569958750 
6569958750 
6569958750 
660236609 
5818234626 
660236609 
5818234626 
5818234626 
5818234626 
5818234626 
5818234626 
1671213416 
1845867093 
5775151243 
5361807238 
5775151243 
374513996 
6024089058 
458663020 
458663020 
112240746 
1204914246 
1204914246 
433138112 
5946512486 
693538024 
693538024 
468460236 
652033152 
1756102907 
1756102907 
6280414469 
254422925 
5484332737 
5484332737 
1355281846 
610457281 
477245850 
5612266649 
5612266649 
6480876736 
920923258 
123345375 
6164195345 
662254949 
1439115317 
1439115317 
1439115317 
1439115317 
620435894 
1663392499 
1663392499 
1663392499 
1663392499 
630716999 
5291241550 
5651641943 
6521498238 
133715158 
1320561285 
1499029792 
1499029792 
393045633 
488589582 
661685041 
5075739159 
5075739159 
622048127 
1522174688 
736243521 
692360372 
1065328321 
5189538017 
1072145617 
1038847781 
1038847781 
973639582 
301562436 
301562436 
1792743148 
497793595 
288561439 
288561439 
6307951704 
6307951704 
666531133 
5908244656 
5908244656 
63839995 
881971747 
881971747 
881971747 
1657308720 
497793595 
6459483061 
6459483061 
389465795 
389465795 
389465795 
6559780608 
6559780608 
6559780608 
6559780608 
990417270 
6357934767 
2497627 
813496644 
1075170297 
954835800 
728936441 
6436930377 
907758982 
757062784 
228469333 
1962114934 
6286816410 
5988033769 
741429588 
741429588 
5179997127 
5340628452 
5179997127 
930177251 
1252181353 
930177251 
1252181353 
930177251 
1252181353 
6480876736 
137021832 
6480876736 
6480876736 
6480876736 
6480876736 
6480876736 
862563760 
950523596 
950523596 
950523596 
950523596 
1803485360 
1803485360 
592476896 
785651211 
785651211 
399819637 
5265117216 
785651211 
5022973657 
1409181915 
5650221005 
1861995861 
492394711 
492394711 
1673507295 
928951124 
928951124 
1074151437 
1074151437 
298470998 
1268365781 
547141760 
547141760 
1673507295 
1673507295 
920759761 
534088442 
1673507295 
1673507295 
1105816522 
1186093453 
1663392499 
6669181225 
665437070 
665437070 
657700568 
771034243 
469086717 
469086717 
469086717 
5058814765 
181733010 
476370480 
1651658135 
6570524514 
6386751124 
6570524514 
6570524514 
810453150 
5490388600 
1189619478 
2097207953 
1991274103 
6430230574 
5009903863 
2079012961 
1331265325 
750868014 
1308089541 
309968851 
309968851 
5078562308 
5078562308 
5078562308 
688950240 
259304486 
5445702274 
5445702274 
746259342 
746259342 
712182621 
712182621 
712182621 
466692008 
468460236 
468460236 
412100418 
6004253289 
6004253289 
2083175590 
2083175590 
432623979 
432623979 
5923472980 
1228844466 
1228844466 
1228844466 
1228844466 
6681985629 
957367807 
957367807 
1228844466 
805411636 
805411636 
1004945035 
992730105 
1228844466 
1228844466 
1228844466 
6637502198 
6637502198 
6637502198 
6637502198 
6637502198 
6637502198 
5557689673 
5557689673 
764964221 
6143517803 
6128562486 
733930944 
6099275371 
1078194994 
1078194994 
6772984285 
1979625492 
1783257563 
1228844466 
6772984285 
900034969 
6581469118 
745258644 
729978485 
729978485 
1181029341 
729978485 
729978485 
729978485 
729978485 
5872532536 
2016543836 
5314632961 
803594192 
5314632961 
5314632961 
5883364460 
5314632961 
5314632961 
1059806391 
826860715 
826860715 
621740145 
5544992183 
755227047 
857734547 
513922199 
6120952507 
6120952507 
383312447 
432995485 
801421048 
1411887576 
729978485 
1522174688 
6255326038 
588586816 
592476896 
6622473125 
592476896 
1413859178 
228469333 
228469333 
5702665062 
5702665062 
1876825408 
1951962408 
1951962408 
579546205 
1927337044 
1643487079 
5093683151 
5093683151 
1444621157 
6626735649 
727180466 
727180466 
228270230 
727180466 
5198434871 
5198434871 
6916269899 
6916269899 
582306952 
658429612 
658429612 
1706335729 
6307905849 
6307905849 
821452709 
2012090972 
6129488045 
705365500 
424499074 
424499074 
1430767819 
1430767819 
1430767819 
1222742426 
430803377 
5705960596 
460589220 
460589220 
1228844466 
1228844466 
1181029341 
1181029341 
5008204508 
5106983246 
995457380 
818176318 
943600430 
943600430 
812707327 
5314632961 
120794388 
790194210 
1036004251 
460501836 
460501836 
460501836 
1035416110 
5373519998 
5373519998 
755227047 
755227047 
1026254703 
755227047 
1026254703 
755227047 
755227047 
755227047 
755227047 
755227047 
755227047 
755227047 
917953914 
457768671 
1430767819 
839856905 
6480876736 
6480876736 
6480876736 
6480876736 
1141858426 
1141858426 
1141858426 
1141858426 
1141858426 
455305028 
592476896 
1977953729 
829823757 
892691588 
6269515465 
1091785678 
5314632961 
317572074 
317572074 
5842412245 
591051152 
591051152 
5243717009 
1268568218 
6347322112 
576003099 
1447522058 
143258803 
1175840195 
901333676 
304840829 
731290155 
1018504019 
1018504019 
511089661 
586709666 
844344386 
962221088 
844344386 
962221088 
714478818 
6065478401 
1086177662 
5314632961 
570932475 
5314632961 
1603151764 
5458007179 
727072202 
487240027 
487240027 
5898671628 
5845836065 
1055514338 
5416142153 
729978485 
506990964 
1646255446 
6593305862 
5861147428 
5861147428 
5861147428 
5861147428 
5861147428 
5861147428 
454549925 
454549925 
880769795 
981937221 
6097402358 
5779868491 
1030379963 
2081741927 
2081741927 
2016543836 
6663231151 
861931602 
861931602 
861931602 
84200624 
840355816 
865978250 
831834636 
1141858426 
1273166884 
592476896 
713485877 
114328083 
114328083 
114328083 
438320127 
729978485 
1429340278 
1429340278 
1429340278 
1429340278 
5471276444 
1061856264 
1061856264 
1061856264 
914493585 
914493585 
1061856264 
1061856264 
914493585 
1061856264 
6167786633 
5475117038 
5475117038 
5475117038 
5475117038 
898334751 
713485877 
713485877 
713485877 
713485877 
713485877 
713485877 
713485877 
713485877 
713485877 
713485877 
713485877 
713485877 
777865961 
777865961 
208289130 
208289130 
982417630 
564351466 
564351466 
564351466 
2042009343 
1228844466 
1228844466 
1228844466 
1228844466 
1228844466 
1228844466 
1228844466 
6280736229 
6280736229 
1228844466 
383353097 
451879832 
236792653 
617449285 
5801402591 
5801402591 
1322738309 
1322738309 
872083533 
1823168165 
1823168165 
1228844466 
942621024 
1971334472 
1971334472 
1971334472 
784350021 
846077640 
846077640 
846077640 
1916831122 
5095461073 
399179175 
399179175 
399179175 
657199753 
5066276404 
1068873098 
1068873098 
723130675 
1181029341 
1181029341 
1181029341 
1181029341 
1181029341 
1347323999 
1273166884 
729978485 
1971334472 
1971334472 
1268732112 
1268732112 
1194976580 
6469485729 
913168175 
913168175 
913168175 
1173986030 
453287417 
1227928698 
704162536 
704162536 
704162536 
704162536 
704162536 
704162536 
647848204 
1152882025 
1152882025 
5099419835 
5099419835 
947185594 
1086253548 
5541971791 
5541971791 
5537088573 
2125223951 
5862088425 
366228090 
1455215590 
760979762 
1058591543 
1058591543 
763560464 
6840675465 
6840675465 
6840675465 
1117837275 
1815317096 
1815317096 
1815317096 
785877981 
785877981 
6092629842 
6092629842 
6092629842 
703200560 
1663939449 
928332466 
5273010424 
57870495 
1249186642 
1228844466 
992094031 
413262381 
1302739892 
1302739892 
713485877 
5928973912 
1142162965 
1142162965 
286008407 
1646859813 
620673922 
733902311 
1142162965 
6604711228 
799699035 
700597913 
1374935598 
700597913 
837020107 
837020107 
837020107 
837020107 
1174518750 
1174518750 
501879769 
501879769 
501879769 
650762627 
775453540 
775453540 
6319150437 
6480876736 
6480876736 
758937372 
758937372 
1916387945 
460098241 
1031747692 
1031747692 
2074950887 
888939871 
5139204349 
5720132610 
767599875 
767599875 
805794789 
61747285 
458131361 
913168175 
232248319 
6857930985 
6457294692 
1243175179 
298470998 
1037938350 
316890925 
1007446087 
799916895 
6222293890 
811297260 
1069902679 
389366934 
389366934 
405017958 
405017958 
1802924138 
1062035940 
1062035940 
5033655634 
5033655634 
1060285804 
1004840009 
35132531 
1380980215 
83024757 
83024757 
83024757 
1263119044 
1263119044 
83024757 
1134861167 
159865945 
422475857 
1062035940 
1802924138 
6961862863 
1228844466 
915658652 
1700807911 
1663392499 
308643851 
308643851 
874405905 
1310516744 
1111783197 
509620058 
6321722576 
534924085 
385003270 
2102728657 
383312447 
728252193 
728252193 
728252193 
728252193 
913168175 
5538920943 
5233736429 
5538920943 
5538920943 
5538920943 
871178710 
5538920943 
479722980 
622468362 
6640473071 
5824904968 
340609086 
2071558472 
1182980603 
5619490715 
1182980603 
6606123782 
676967849 
5980577415 
763708082 
1047172675 
1941607514 
818577511 
5454935319 
5454935319 
1321956440 
439366469 
783943538 
409881773 
1974763895 
5395350514 
1889777060 
6416778492 
6416778492 
5742626381 
5742626381 
494992132 
339231476 
339231476 
920795027 
1432747833 
805914662 
919316709 
5862710840 
5862710840 
1351251845 
969758400 
83024757 
83024757 
1184153639 
6537790797 
6838251852 
6537790797 
6838251852 
1071071875 
776743726 
6336083008 
6336083008 
881909923 
455611784 
5020906146 
395425768 
1480294186 
1031699872 
1031699872 
1031699872 
1031699872 
1031699872 
2083700867 
2083700867 
2083700867 
964777318 
1815309529 
411806140 
2074741640 
1265668511 
1041315028 
1231932064 
1231932064 
421076183 
2074741640 
2074741640 
411806140 
5538920943 
810118921 
257658087 
1120251219 
403513417 
950732432 
950732432 
950732432 
950732432 
950732432 
6431992086 
6480876736 
449246596 
449246596 
57870495 
514263345 
6338121439 
6043652830 
6574875301 
383312447 
688606058 
592476896 
1143257034 
913168175 
6544479533 
6544479533 
6266363229 
6544479533 
6266363229 
298470998 
298470998 
298470998 
476322677 
5589860069 
1908989972 
888384208 
888384208 
5787173099 
1083240492 
793486 
1884635627 
1884635627 
955211300 
2058896331 
2058896331 
1019122042 
1019122042 
683984838 
683984838 
2074741640 
1706335729 
491736413 
436693871 
436693871 
6113121252 
1432366597 
1181029341 
1069828958 
1069828958 
1396971451 
1396971451 
1396971451 
1396971451 
1181029341 
1181029341 
623880979 
1346896287 
1629035794 
1629035794 
1443955486 
795332064 
795332064 
5014506530 
5014506530 
5014506530 
549237905 
6545571192 
913168175 
913168175 
2023510670 
2023510670 
6009960809 
1228844466 
722340714 
6072546106 
6072546106 
6072546106 
6072546106 
5535408342 
6072546106 
5201851162 
6065630804 
1001856249 
621339013 
6039753157 
5098837279 
273484124 
273484124 
1174991040 
601816314 
5098837279 
5913215656 
750652875 
5098837279 
6612524311 
476453291 
899591981 
5930905207 
6315840921 
6315840921 
534489823 
322981835 
866523323 
823304816 
823304816 
823304816 
823304816 
823304816 
346321522 
702399013 
899591981 
899591981 
899591981 
482711587 
1024298857 
605915061 
5715619408 
5715619408 
5267222031 
708477730 
1228844466 
1065727195 
1533593595 
1042594536 
1042594536 
757232510 
1846509867 
400133399 
473736390 
565033429 
5049030323 
5049030323 
5049030323 
5172241841 
5049030323 
5049030323 
1243928547 
1243928547 
1243928547 
867521409 
1861821906 
461134070 
6350702725 
922272685 
5139204349 
5139204349 
5139204349 
818577511 
1222056147 
1222056147 
1137436961 
763708082 
763708082 
763708082 
763708082 
1493190505 
1369526732 
886066739 
1795871997 
1795871997 
1795871997 
647829042 
647829042 
6436167024 
236792653 
6436167024 
5329910168 
978711982 
978711982 
978711982 
978711982 
978711982 
978711982 
978711982 
978711982 
1067864783 
978711982 
713485877 
798603120 
798603120 
798603120 
798603120 
358150628 
452620495 
358150628 
431059155 
1065727195 
787113023 
1782843529 
1782843529 
5168956810 
951408239 
243293770 
1073922789 
1888799064 
5602642915 
5602642915 
1516337250 
5924850008 
196885507 
5112355035 
5112355035 
850560198 
5112355035 
5990953205 
1130316089 
521270683 
1699405561 
521270683 
1699405561 
624102358 
1699405561 
476040746 
5008714173 
5008714173 
5742172446 
5742172446 
425209251 
425209251 
411754954 
411754954 
411754954 
5742172446 
5742172446 
5742172446 
713485877 
5007589771 
83290593 
1699405561 
130002389 
130002389 
83290593 
720241527 
701591914 
1959785146 
701591914 
701591914 
1959785146 
1959785146 
701591914 
701591914 
701591914 
701591914 
720241527 
701591914 
701591914 
541742654 
701591914 
701591914 
701591914 
701591914 
701591914 
5928973912 
6396101712 
5495779858 
1208868680 
322232990 
1020542519 
931605365 
931605365 
1481057864 
6020719198 
418295474 
755227047 
755227047 
1300958765 
909218457 
357867733 
1481057864 
737554260 
5928973912 
5449532856 
508320375 
6594474657 
83290593 
494413073 
516768324 
755601228 
755601228 
755601228 
755601228 
755601228 
6220394774 
6220394774 
6220394774 
569459750 
1991822036 
5081167423 
5081167423 
5843516649 
1691359502 
642430608 
514880467 
514880467 
5532957362 
462340820 
481207700 
481207700 
5941866462 
1661204311 
1450580809 
5267222031 
481207700 
1933946634 
451680558 
5587775030 
5587775030 
779368912 
1703529908 
716735829 
716735829 
716735829 
6041077886 
823488430 
823488430 
823488430 
949417608 
473543026 
473543026 
1090615541 
5990953205 
413189696 
413189696 
729978485 
1378742953 
467130872 
6041077886 
555799148 
1239493590 
1239493590 
1239493590 
771401746 
667577018 
901006719 
798341934 
6194798372 
1056854539 
840330788 
726607184 
726607184 
1167403982 
726607184 
6103146472 
889872308 
5653508591 
5529671465 
731845209 
655608590 
655608590 
655608590 
1205694239 
1205694239 
1205694239 
1205694239 
1205694239 
1205694239 
757126379 
5623149442 
356233376 
5715619408 
5715619408 
2047049801 
2047049801 
528015942 
386394236 
954022666 
954022666 
2048834169 
690219673 
690219673 
416405617 
545053975 
2047049801 
453958995 
1594014163 
1594014163 
1594014163 
1594014163 
1594014163 
1594014163 
1594014163 
1390248397 
1594014163 
1390248397 
1594014163 
913860839 
564597739 
404504028 
413189696 
413189696 
1492915522 
413189696 
1492915522 
1492915522 
846092170 
979212829 
6436167024 
433387205 
204713122 
404235517 
352472115 
2001240226 
1888799064 
1194976580 
1699405561 
992006366 
992006366 
992006366 
992006366 
992006366 
620872283 
992006366 
6645903648 
504996753 
1522174688 
1522174688 
1522174688 
1522174688 
5608339550 
1522174688 
1522174688 
1522174688 
5608339550 
2041998894 
5608339550 
329677693 
2041998894 
2041998894 
329677693 
332249935 
332249935 
572681060 
1192179591 
1991822036 
6468406551 
723822200 
769946548 
623348742 
1263839409 
898334751 
1808465938 
823374723 
680149408 
413189696 
5129751515 
851199807 
1699405561 
1699405561 
774051140 
774051140 
870006428 
870006428 
911371840 
870006428 
1058072469 
1461369651 
433140711 
433140711 
516768324 
2105020518 
2105020518 
2105937468 
2105937468 
91423212 
91423212 
6371531305 
6371531305 
332249935 
332249935 
332249935 
332249935 
332249935 
332249935 
332249935 
378586170 
1050728170 
769181297 
1823313561 
1823313561 
1246282155 
1823313561 
1823313561 
1246282155 
5226567084 
5450779563 
875043141 
6177757323 
501879769 
1225754689 
1699405561 
471841177 
163713983 
1306531267 
163713983 
163713983 
1306531267 
744224650 
744224650 
744224650 
744224650 
6512700868 
888848832 
6512700868 
733561671 
733561671 
897012928 
6208135578 
1902772955 
5068205611 
1752226773 
711493959 
1699405561 
935899446 
935899446 
1361047442 
6498756120 
5508052635 
592476896 
1823313561 
592476896 
592476896 
1126791058 
804193502 
745027666 
745027666 
862278680 
6194798372 
935899446 
2028705122 
838673625 
6254736866 
729978485 
6925689517 
1152814619 
1843515842 
1225795028 
1225795028 
777777613 
689852637 
689852637 
5932587029 
6362281206 
818577511 
270634526 
784508522 
5952720054 
870006428 
1166908699 
1166908699 
5025484863 
5025484863 
6334077882 
357142395 
1017587135 
481207700 
295365796 
1674764834 
6677987352 
888939871 
1675927189 
1056573894 
879569047 
992524286 
5114517398 
1020368741 
1020368741 
1020368741 
1348593697 
491111038 
1676332406 
1676332406 
1676332406 
475007262 
1880419767 
840389442 
840389442 
897292614 
375795874 
5078796907 
317572074 
6400114441 
5086651702 
5086651702 
5086651702 
703200560 
5026449920 
5506739614 
268637655 
268637655 
991480911 
964225158 
991480911 
1120528344 
1567449930 
5026449920 
5026449920 
6569930149 
1122658132 
334698091 
1888799064 
1663962147 
99537310 
1663962147 
500952604 
5026449920 
483623367 
5026449920 
483623367 
483623367 
1372894095 
675409298 
337332370 
337332370 
1102405290 
5281581301 
5281581301 
1438526151 
5281581301 
1438526151 
5281581301 
6033013293 
6033013293 
5182424234 
5026449920 
5026449920 
5212741021 
1062437629 
5026449920 
5026449920 
5093683151 
5026449920 
820702587 
1118860158 
1568916501 
5026449920 
701591914 
701591914 
178433936 
178433936 
1780339674 
1679360235 
1201550521 
1127568637 
810437292 
831374880 
592476896 
6194798372 
841176216 
5651689731 
924815399 
270634526 
5393119822 
5393119822 
5393119822 
1302739892 
5982533527 
5982533527 
673424938 
673424938 
288561439 
288561439 
1055066699 
5009450164 
956196837 
467934761 
1057922729 
842188037 
742699991 
519194148 
519194148 
519194148 
519194148 
428904678 
295882322 
723822200 
930955263 
1028733082 
6344619222 
1077957351 
1064024300 
5459539895 
5459539895 
5459539895 
5459539895 
1991822036 
1991822036 
118983211 
2051913081 
478648273 
333658216 
333658216 
769946548 
6317165037 
5164932062 
182234875 
475494529 
786428212 
1962479611 
1962479611 
453774304 
453774304 
355383546 
6805340499 
6805340499 
6805340499 
6805340499 
6805340499 
1286136647 
5026449920 
5026449920 
5026449920 
825277016 
1228844466 
1352760232 
5182344399 
304253874 
5182344399 
5182344399 
5182344399 
736908096 
736908096 
736908096 
2021506779 
5322465709 
711493959 
870281006 
6971955410 
870281006 
952097430 
952097430 
6971955410 
870281006 
456744445 
489106543 
374422693 
679876395 
1141553157 
1141553157 
6321722576 
69541242 
756033566 
756033566 
457641351 
457641351 
497354386 
457641351 
457641351 
457641351 
457641351 
849706171 
818577511 
818577511 
1962296486 
1962296486 
818577511 
881039405 
5026449920 
1141553157 
1141553157 
6075017430 
487967178 
5251909901 
5251909901 
5251909901 
5026449920 
5026449920 
1682695609 
818577511 
1218101004 
1311379811 
1311379811 
1311379811 
1311379811 
1326255815 
5651689731 
5651689731 
5651689731 
5902160313 
5651689731 
1827120098 
2066916543 
2066916543 
2014730984 
1268568218 
5651689731 
5651689731 
6225114832 
5651689731 
2060070476 
2060070476 
5651689731 
2060070476 
2060070476 
5322465709 
2060070476 
571725571 
5651689731 
5111080837 
5111080837 
5111080837 
848117651 
1218356248 
1218356248 
842737468 
293522788 
293522788 
5026449920 
1797903548 
457641351 
457641351 
866568357 
1595569441 
462347308 
462347308 
616120237 
5504747906 
1685236838 
6194798372 
1685236838 
1228844466 
6509750062 
6509750062 
5504747906 
498840590 
417245589 
615659399 
417245589 
417245589 
1991822036 
1991822036 
1991822036 
1991822036 
2006246484 
2006246484 
985722303 
985722303 
1755855913 
1755855913 
225223194 
225223194 
531905678 
5789027106 
5789027106 
1606985988 
995764928 
995764928 
6309654880 
6309654880 
995764928 
1009621179 
995764928 
995764928 
995764928 
995764928 
995764928 
995764928 
5914854134 
565696879 
708757692 
708757692 
708757692 
5241579135 
1448015704 
1203579119 
1203579119 
859881256 
1364659479 
463036038 
463036038 
463036038 
463036038 
1668667386 
5985521172 
5985521172 
5540511245 
620472533 
549285284 
549285284 
549285284 
444384087 
5424266498 
769946548 
769946548 
1780524622 
380665788 
5111955697 
5488442961 
5488442961 
723645306 
6022723425 
399416663 
854339595 
1119859598 
1211922696 
6050992247 
5964405323 
5964405323 
6022723425 
5022629106 
835118221 
835118221 
887789376 
887789376 
887789376 
1113226106 
1081006496 
1081006496 
818577511 
826425185 
332884403 
1047089537 
6589459530 
6589459530 
803774020 
1752743271 
1014429335 
641955264 
898778290 
6495284105 
1062036817 
691345649 
691345649 
1917844864 
1917844864 
1917844864 
5564323520 
5564323520 
485848906 
283225780 
283225780 
951022479 
909218457 
522121678 
743251101 
5136319113 
2079247257 
1808152812 
387604496 
6391222806 
407005179 
407005179 
407005179 
387604496 
407005179 
387604496 
407005179 
614395954 
6391222806 
6391222806 
6391222806 
614265359 
1909861064 
2053228464 
5406280076 
870449973 
870449973 
995764928 
995764928 
995764928 
913860839 
1991822036 
1248785771 
1031525888 
1031525888 
1031525888 
1031525888 
1031525888 
1031525888 
1031525888 
1031525888 
1031525888 
1031525888 
1031525888 
1031525888 
1421114210 
1421114210 
1031525888 
1031525888 
1031525888 
1031525888 
1031525888 
283359281 
2047548747 
276105968 
548281491 
394611403 
170142048 
394611403 
170142048 
394611403 
394611403 
1263293204 
5322465709 
394611403 
6094959630 
394611403 
6094959630 
839269750 
839269750 
839269750 
566185337 
1311576922 
1311576922 
1881118110 
362084815 
260506867 
5004064522 
1732120467 
1732120467 
6321722576 
930380765 
930380765 
451804352 
5734127373 
684446116 
483623367 
582903901 
582903901 
579193888 
723822200 
859399015 
859399015 
859399015 
990546528 
6435960304 
1320295463 
1543088094 
5537014215 
6241977572 
806112076 
806112076 
2036074961 
683684097 
5928949530 
1626468144 
6075935497 
6075935497 
6952253088 
638554324 
888722418 
206005860 
888722418 
113108578 
1617014554 
818577511 
1058782650 
1005170438 
1005170438 
1228844466 
1005170438 
5026449920 
5026449920 
1005170438 
1005170438 
1005170438 
5026449920 
1400181875 
1005170438 
5026449920 
5026449920 
5741636790 
5026449920 
5026449920 
5026449920 
5026449920 
5026449920 
5026449920 
5026449920 
2063049064 
463824310 
495704275 
1951112337 
1951112337 
1195674841 
787113023 
6022812602 
6022812602 
6022812602 
6022812602 
6022812602 
728904558 
728904558 
393097245 
6336083008 
5007589771 
958980434 
958980434 
6857930985 
6857930985 
454089503 
454089503 
339148350 
339148350 
5867391442 
5867391442 
5867391442 
456674193 
459398981 
1169375390 
459398981 
298470998 
298470998 
298470998 
749286898 
5928973912 
5928973912 
389366934 
1030551954 
389366934 
6228149602 
1414857486 
1414857486 
5824904968 
723822200 
723822200 
723822200 
1299989565 
5672055849 
5672055849 
5504747906 
223928189 
919165414 
468208240 
6805340499 
6805340499 
772794049 
641331713 
641331713 
641331713 
1092607810 
5504747906 
539641125 
539641125 
1574704220 
5354452564 
1061021395 
1061021395 
1061021395 
1061021395 
1061021395 
735382015 
340673799 
1181029341 
2082589 
2082589 
924760923 
1181029341 
332476723 
2082589 
1181029341 
2082589 
1181029341 
813491468 
1307515957 
1307515957 
1005531296 
5026449920 
5026449920 
5026449920 
5026449920 
5026449920 
1117057389 
1117057389 
1117057389 
1150914272 
5504747906 
755227047 
5791989972 
486527331 
486527331 
899865677 
899865677 
899865677 
1277065870 
896631859 
83024757 
6177782942 
1421902640 
1421902640 
358580484 
1049171007 
358580484 
1005170438 
5058048836 
746542220 
1208440230 
1208440230 
746542220 
5651689731 
1208440230 
746542220 
746542220 
5651689731 
746542220 
746542220 
1208440230 
746542220 
1800972054 
746542220 
1800972054 
746542220 
746542220 
746542220 
746542220 
746542220 
746542220 
5699449280 
5699449280 
1414165892 
83024757 
454064860 
407405193 
962680674 
1986886180 
1479559984 
928160683 
6022812602 
6022812602 
6022812602 
813063403 
5093929498 
813063403 
1493190505 
6184630387 
5990953205 
592476896 
6022812602 
6022812602 
6022812602 
6022812602 
6022812602 
2108961970 
2108961970 
741072368 
741072368 
1502391935 
1502391935 
726427538 
1306531267 
741072368 
1306531267 
741072368 
741072368 
741072368 
452261551 
861651824 
1015935493 
1015935493 
1015935493 
1015935493 
5064251230 
636286072 
1502391935 
776595773 
1011038225 
6015056181 
1011038225 
6015056181 
682574319 
5576177278 
6015056181 
5416038115 
6015056181 
6015056181 
5795104988 
1244371992 
1244371992 
5795104988 
5795104988 
424406445 
383059107 
632711679 
666006904 
558799779 
5033179971 
5033179971 
5033179971 
5033179971 
5033179971 
5033179971 
2060070476 
5939013297 
2060070476 
5939013297 
5071427222 
1306531267 
168272406 
1989068080 
1989068080 
432562031 
1208440230 
5939013297 
6628515322 
6628515322 
6396770164 
714653191 
312409384 
407005179 
407005179 
743251101 
869234487 
5227958612 
1208440230 
752310902 
475170232 
5513045277 
5314539141 
5314539141 
5314539141 
5314539141 
5314539141 
5314539141 
5314539141 
5026449920 
5314539141 
5314539141 
5314539141 
5314539141 
968027499 
1208440230 
1208440230 
1208440230 
1036587534 
1034485973 
441039115 
1623054327 
971038561 
971038561 
971038561 
6449039191 
953241505 
5795104988 
5795104988 
5795104988 
5795104988 
1663392499 
734058283 
734058283 
734058283 
6667966919 
734058283 
1504502857 
5301914502 
5301914502 
1953291168 
1953291168 
1953291168 
5583004702 
322591604 
322591604 
929251026 
5026449920 
1394875184 
5091575811 
5091575811 
5091575811 
5091575811 
5091575811 
5422197607 
5422197607 
5207470949 
752310902 
5026449920 
5026449920 
473524847 
473524847 
5026449920 
5026449920 
1888799064 
5026449920 
5026449920 
438305776 
5026449920 
5026449920 
5026449920 
727330990 
5899798915 
737554260 
913860839 
746542220 
6662385790 
6662385790 
6211481873 
1175637900 
1804655850 
6779817703 
746310084 
746310084 
252531247 
1502391935 
1502391935 
513327480 
513327480 
923431228 
6104149661 
6104149661 
752310902 
1502391935 
5583004702 
573808144 
573808144 
573808144 
870064585 
1608439788 
1608439788 
6251176789 
6045342787 
1706335729 
1706335729 
1706335729 
806824465 
806824465 
1268568218 
1268568218 
6696685422 
587380419 
1043348917 
818188430 
818188430 
765303793 
2127772962 
1502391935 
6590925231 
943600430 
2082589 
5583004702 
939252371 
632669450 
954075350 
427888132 
427888132 
1348667478 
270634526 
353389281 
286884295 
1144020650 
208498070 
5812595950 
5295732093 
973639582 
440239142 
5608079230 
1197419869 
1037463239 
245106399 
1037463239 
1037463239 
1037463239 
1199364060 
5367449024 
1093512550 
1093512550 
1011252035 
5617783013 
950006315 
948902785 
421278564 
763708082 
6027445079 
1197874421 
818577511 
1887719251 
1887719251 
6027445079 
6027445079 
769946548 
769946548 
1101532877 
1101532877 
746745013 
746745013 
982317617 
989527850 
5703370034 
780815393 
6140222239 
6140222239 
1023166537 
818577511 
1658747811 
1644588354 
727760605 
286884295 
286884295 
683438875 
683438875 
1100002566 
5166132105 
5111080837 
5682949118 
289353566 
830671568 
1502391935 
6295807519 
1298353043 
1298353043 
1328794574 
1328794574 
6184240076 
6696685422 
446573179 
539790872 
6266363229 
1601460221 
1601460221 
729978485 
2003887608 
1029467124 
6439744493 
6439744493 
1063026200 
1063026200 
1143866047 
1143866047 
1619738762 
467920923 
6703360522 
6703360522 
722496462 
5862120318 
5862120318 
5862120318 
5862120318 
923431228 
372466183 
923431228 
637165568 
1131796162 
922090765 
922090765 
1046684297 
848117651 
1967904283 
1967904283 
848117651 
1502391935 
463036038 
6043652830 
592476896 
396978223 
1170862932 
1170862932 
1170862932 
671130320 
1053792426 
5228569692 
5228569692 
5228569692 
5228569692 
243293770 
1763680940 
5924792695 
405014096 
812176856 
812176856 
452085664 
5066276404 
419797492 
5066276404 
5760544775 
227355239 
227355239 
227355239 
227355239 
227355239 
227355239 
227355239 
227355239 
6696685422 
711648891 
723822200 
723822200 
1333212861 
6485031270 
504810415 
504810415 
1706335729 
719255369 
320771465 
571725571 
571725571 
460445530 
345235519 
1002282304 
397182399 
1188815403 
1807846226 
725000319 
725000319 
223928189 
662362032 
901329180 
901329180 
901329180 
1228844466 
6711575384 
791772379 
1319217531 
1319217531 
5443287198 
5443287198 
5999271995 
5999271995 
1320295463 
1320295463 
432214218 
544909114 
544909114 
1699405561 
1421745014 
1760395927 
1471657794 
1681994908 
516428317 
475281612 
1058914477 
1874745328 
1874745328 
825445770 
825445770 
6084884270 
1107045267 
1107045267 
1699405561 
1699405561 
1699405561 
1699405561 
5123495680 
5123495680 
5123495680 
5123495680 
5123495680 
5123495680 
5123495680 
5123495680 
5123495680 
5123495680 
5123495680 
5123495680 
1403544922 
1403544922 
1403544922 
1403544922 
804979931 
1268568218 
1268568218 
1268568218 
1268568218 
1268568218 
1268568218 
1268568218 
1268568218 
985779317 
1268568218 
1228844466 
2028512089 
2028512089 
2028512089 
1228844466 
1228844466 
1228844466 
282948998 
5123495680 
729978485 
792722853 
931264021 
537458044 
407005179 
5408039567 
6489120396 
690583160 
5915132698 
5915132698 
690583160 
690583160 
690583160 
690583160 
690583160 
690583160 
690583160 
690583160 
690583160 
690583160 
690583160 
690583160 
690583160 
690583160 
690583160 
690583160 
829551466 
829551466 
690583160 
690583160 
33855851 
690583160 
1841009402 
690583160 
1991822036 
690583160 
690583160 
1991822036 
1991822036 
1770770488 
690583160 
690583160 
690583160 
690583160 
690583160 
5849182806 
690583160 
690583160 
741072368 
741072368 
6101957210 
1891896466 
1891896466 
1213614826 
1213614826 
6350598794 
978671863 
417833583 
928726752 
417833583 
417833583 
1072048987 
1029647099 
5026194865 
901707584 
741072368 
5081490527 
363033688 
792966764 
792966764 
5821918612 
592476896 
1699405561 
1699405561 
1699405561 
1699405561 
1699405561 
903352377 
353469494 
353469494 
1509740534 
423107497 
958489068 
922090765 
973639582 
5758284011 
243293770 
5123495680 
973639582 
723822200 
803301167 
803301167 
724444621 
724444621 
724444621 
724444621 
1140382883 
1704475365 
696638174 
5795104988 
5795104988 
6039003763 
1509740534 
5795104988 
5795104988 
872579952 
5824904968 
93268254 
5009450164 
694701937 
6382394167 
6545519286 
6545519286 
6545519286 
1509740534 
1509740534 
1509740534 
362201833 
1509740534 
1522174688 
1509740534 
858312303 
1353394647 
6093389638 
604316240 
1479645043 
1479645043 
1479645043 
604316240 
1327806102 
638062461 
1082835685 
1082835685 
818577511 
818577511 
818577511 
818577511 
6489120396 
952207222 
952207222 
952207222 
952207222 
6194798372 
5291317102 
1699405561 
5291317102 
792662766 
717933413 
5022629106 
839856905 
1162071951 
1162071951 
1228844466 
6576892680 
912876387 
912876387 
449153357 
5795104988 
6009358743 
741072368 
6221596032 
6221596032 
749286898 
6278481162 
769946548 
769946548 
5022629106 
380754625 
289353566 
1014900399 
1228844466 
1228844466 
1228844466 
5651689731 
5651689731 
352612272 
5651689731 
6662385790 
431662288 
5643582 
742413598 
1345641208 
742413598 
1345641208 
5022629106 
1085629813 
1085629813 
972100022 
972100022 
594737533 
725000319 
725000319 
928160683 
6521375338 
6033344947 
6033344947 
6033344947 
6033344947 
6689051809 
6662385790 
6662385790 
6662385790 
6662385790 
592476896 
6662385790 
469783524 
6634173542 
5186869007 
716600247 
6266363229 
6266363229 
6266363229 
716600247 
716600247 
592476896 
6437105619 
613517494 
6455709472 
5368763479 
5368763479 
5368763479 
5368763479 
613517494 
737362262 
922090765 
922090765 
922090765 
469805032 
5824904968 
5592446135 
1807846226 
457641351 
5529225552 
687178150 
1699405561 
1699405561 
1699405561 
1699405561 
1699405561 
1699405561 
1699405561 
1699405561 
1699405561 
1699405561 
1699405561 
1699405561 
1699405561 
1699405561 
1699405561 
1699405561 
2541491 
2541491 
833166252 
884511569 
978671863 
5824904968 
5824904968 
350800236 
645885811 
645885811 
1706335729 
1706335729 
1706335729 
1706335729 
5022629106 
5743500146 
5022629106 
5846228914 
421110356 
474457445 
474457445 
6642776993 
1101130376 
332249935 
1167487863 
1061021395 
1061021395 
1061021395 
6251789269 
5719705127 
1933942323 
939011503 
1061021395 
1212238835 
6662385790 
5391656259 
911438343 
6347537643 
6347537643 
6347537643 
911438343 
776339082 
6214826441 
6214826441 
388115024 
5824904968 
1329388737 
1329388737 
303111390 
303111390 
829551466 
829551466 
5081490527 
1446148320 
987667335 
987667335 
987667335 
987667335 
922090765 
922090765 
922090765 
741072368 
1807846226 
5007589771 
800604389 
1813198720 
800604389 
1518809430 
1518809430 
365163384 
1089100747 
1089100747 
473407646 
473407646 
473407646 
473407646 
473407646 
2027661486 
684328914 
217430934 
59927845 
59927845 
877585736 
1227928698 
5033179971 
5033179971 
1010915225 
1010915225 
1010915225 
592476896 
6011319555 
6011319555 
1880419767 
815000290 
1195356395 
955621600 
1574257477 
5243313172 
457641351 
741072368 
741072368 
5039332976 
364753883 
5096601485 
1904695454 
552251016 
552251016 
888255570 
6574961026 
5874207131 
1705983245 
5140416658 
995764928 
5967350085 
5967350085 
887789376 
412934435 
887789376 
412934435 
6040979027 
791629039 
791629039 
6048862119 
6048862119 
1738391430 
1738391430 
1262141320 
303375885 
1991822036 
1991822036 
2105417475 
2105417475 
5291317102 
791772379 
5264039758 
1091737508 
946394646 
663294458 
1706335729 
1706335729 
1706335729 
458312184 
700557077 
1991822036 
1320819091 
1827872859 
1661760796 
1167487863 
699443803 
1147925075 
458312184 
962635921 
6022812602 
962635921 
6022812602 
6022812602 
1349937771 
267748100 
1167487863 
5883543681 
1167487863 
288471443 
288471443 
288471443 
288471443 
421110356 
83024757 
1167487863 
839427060 
5399115310 
1628580209 
1167487863 
5111080837 
5111080837 
360592263 
1966268075 
1966268075 
6318521075 
6318521075 
1290773302 
1290773302 
457641351 
648599714 
469783524 
907763457 
317572074 
5702665062 
1226700156 
1226700156 
1167487863 
1226700156 
628578813 
